******************************************************
               METROPOLIS RAINFALL DATA

            2013     2014     2015     2016     2017

Month  1    0.32     1.02     0.45     0.35     0.95
Month  2    0.26     0.55     0.11     0.25     0.35
Month  3    0.93     1.00     1.25     0.95     0.90
Month  4    2.63     2.50     2.25     2.75     2.01
Month  5    2.57     2.75     2.15     2.25     2.36
Month  6    6.61     5.69     6.62     5.75     6.25
Month  7    3.70     3.71     3.24     3.75     3.69
Month  8    3.20     2.92     2.85     3.25     3.15
Month  9    1.28     1.40     1.12     1.25     1.29
Month 10    0.37     0.29     0.57     0.38     0.92
Month 11    0.31     0.27     0.32     0.35     0.29
Month 12    0.22     0.02     0.12     0.25     0.27

Averages:   1.87     1.84     1.75     1.79     1.87

REPORT SUMMARY:
Minimum rainfall for 2015 is 0.11 inches.
Maximum rainfall for 2015 is 6.62 inches.
******************************************************


